611275701119
702009444176
695967318795
860154212675
766404491735
769164829529
707833964455
702820861480
918257151953
775593550930
762509041701
677649690743
818751441670
918326063729
901157302041
863197153744
887166982442
900674495293
901840261477
919066457823
903529142643
909121691791
892173811352
642451516148
718154504476
880343758704
919822960369
631569740508
893606106771
775439117407
667475597829
798473624671
883659134011
790340257259
902937277719
778960078904
753151504572
800675972490
810715844145
711761495581
859422215911
754906413685
920582805026
897126638220
660783963150
772911129827
833574075783
699793382728
852090444706
725453993140
770643585539
775075153622
716032066725
854657967777
674336157539
900720381280
754445745676
735328820574
901127654723
886043110813
724626563683
708985412779
630852489829
709230447497
917152435294
798600286196
859668325711
895432490144
683603950355
777210517388
701456265626
804088405638
771701325922
883590458437
880758338594
620878426109
784886120352
818521260671
760108088202
916102020854
856121964505
769005748164
785518569979
867360705770
846292782927
899528291756
794425211925
793544792312
710734164533
811115112169
762294317576
643411329204
813207768068
920407850216
701439647347
865645186259
912880375982
707282640901
818538006724
805929481513
